    time        fR1       fR2       fR3       fR4
    0.0000    0.5231    1.9564    2.5541    3.6722
    0.0068    0.5231    1.9564    2.5541    3.6722
    0.0137    0.5231    1.9564    2.5541    3.6722
    0.0205    0.5231    1.9564    2.5541    3.6722
    0.0274    0.5231    1.9564    2.5541    3.6722
    0.0342    0.5231    1.9564    2.5541    3.6722
    0.0411    0.5231    1.9564    2.5541    3.6722
    0.0479    0.5231    1.9564    2.5541    3.6722
    0.0548    0.5231    1.9564    2.5541    3.6722
    0.0616    0.5231    1.9564    2.5541    3.6722
    0.0685    0.5231    1.9564    2.5541    3.6722
    0.0753    0.5231    1.9564    2.5541    3.6722
    0.0822    0.5231    1.9564    2.5541    3.6722
    0.0890    0.5231    1.9564    2.5541    3.6722
    0.0959    0.5231    1.9564    2.5541    3.6722
    0.1027    0.5231    1.9564    2.5541    3.6722
    0.1096    0.5231    1.9564    2.5541    3.6722
    0.1164    0.5231    1.9564    2.5541    3.6722
    0.1233    0.5231    1.9564    2.5541    3.6722
    0.1301    0.5231    1.9564    2.5541    3.6722
    0.1370    0.5231    1.9564    2.5541    3.6722
    0.1438    0.5231    1.9564    2.5541    3.6722
    0.1507    0.5231    1.9564    2.5541    3.6722
    0.1575    0.5231    1.9564    2.5541    3.6722
    0.1644    0.5231    1.9564    2.5541    3.6722
    0.1712    0.5231    1.9564    2.5541    3.6722
    0.1781    0.5231    1.9564    2.5541    3.6722
    0.1849    0.5231    1.9564    2.5541    3.6722
    0.1918    0.5231    1.9564    2.5541    3.6722
    0.1986    0.5231    1.9564    2.5541    3.6722
    0.2055    0.5231    1.9564    2.5541    3.6722
    0.2123    0.5231    1.9564    2.5541    3.6722
    0.2192    0.5231    1.9564    2.5541    3.6722
    0.2260    0.5231    1.9564    2.5541    3.6722
    0.2329    0.5231    1.9564    2.5541    3.6722
    0.2397    0.5231    1.9564    2.5541    3.6722
    0.2466    0.5231    1.9564    2.5541    3.6722
    0.2534    0.5231    1.9564    2.5541    3.6722
    0.2603    0.5231    1.9564    2.5541    3.6722
    0.2671    0.5231    1.9564    2.5541    3.6722
    0.2740    0.5231    1.9564    2.5541    3.6722
    0.2808    0.5231    1.9564    2.5541    3.6722
    0.2877    0.5231    1.9564    2.5541    3.6722
    0.2945    0.5231    1.9564    2.5541    3.6722
    0.3014    0.5231    1.9564    2.5541    3.6722
    0.3082    0.5231    1.9564    2.5541    3.6722
    0.3151    0.5231    1.9564    2.5541    3.6722
    0.3219    0.5231    1.9564    2.5541    3.6722
    0.3288    0.5231    1.9564    2.5541    3.6722
    0.3356    0.5231    1.9564    2.5541    3.6722
    0.3425    0.5231    1.9564    2.5541    3.6722
    0.3493    0.5231    1.9564    2.5541    3.6722
    0.3562    0.5231    1.9564    2.5541    3.6722
    0.3630    0.5231    1.9563    2.5541    3.6721
    0.3699    0.5231    1.9562    2.5540    3.6721
    0.3767    0.5232    1.9561    2.5540    3.6721
    0.3836    0.5233    1.9558    2.5539    3.6721
    0.3904    0.5234    1.9555    2.5539    3.6720
    0.3973    0.5235    1.9550    2.5538    3.6719
    0.4041    0.5237    1.9544    2.5537    3.6718
    0.4110    0.5239    1.9537    2.5535    3.6717
    0.4178    0.5242    1.9528    2.5533    3.6716
    0.4247    0.5245    1.9518    2.5531    3.6714
    0.4315    0.5248    1.9506    2.5529    3.6713
    0.4384    0.5252    1.9492    2.5526    3.6711
    0.4452    0.5257    1.9476    2.5523    3.6708
    0.4521    0.5262    1.9459    2.5519    3.6706
    0.4589    0.5268    1.9440    2.5515    3.6703
    0.4658    0.5275    1.9418    2.5511    3.6699
    0.4726    0.5282    1.9394    2.5506    3.6696
    0.4795    0.5290    1.9368    2.5501    3.6692
    0.4863    0.5299    1.9340    2.5495    3.6688
    0.4932    0.5308    1.9309    2.5489    3.6683
    0.5000    0.5318    1.9275    2.5483    3.6678
    0.5068    0.5328    1.9240    2.5476    3.6673
    0.5137    0.5340    1.9203    2.5469    3.6667
    0.5205    0.5352    1.9162    2.5461    3.6662
    0.5274    0.5365    1.9119    2.5453    3.6656
    0.5342    0.5379    1.9074    2.5445    3.6649
    0.5411    0.5393    1.9026    2.5436    3.6642
    0.5479    0.5408    1.8976    2.5426    3.6635
    0.5548    0.5424    1.8924    2.5417    3.6628
    0.5616    0.5441    1.8869    2.5407    3.6620
    0.5685    0.5458    1.8812    2.5397    3.6613
    0.5753    0.5476    1.8753    2.5386    3.6605
    0.5822    0.5495    1.8691    2.5375    3.6596
    0.5890    0.5515    1.8626    2.5364    3.6588
    0.5959    0.5535    1.8560    2.5353    3.6579
    0.6027    0.5556    1.8491    2.5342    3.6570
    0.6096    0.5577    1.8420    2.5330    3.6561
    0.6164    0.5600    1.8348    2.5318    3.6552
    0.6233    0.5622    1.8272    2.5307    3.6543
    0.6301    0.5646    1.8196    2.5295    3.6533
    0.6370    0.5669    1.8117    2.5283    3.6524
    0.6438    0.5694    1.8037    2.5271    3.6514
    0.6507    0.5719    1.7954    2.5259    3.6505
    0.6575    0.5745    1.7870    2.5247    3.6495
    0.6644    0.5770    1.7785    2.5236    3.6485
    0.6712    0.5797    1.7698    2.5224    3.6475
    0.6781    0.5824    1.7610    2.5213    3.6465
    0.6849    0.5851    1.7520    2.5202    3.6456
    0.6918    0.5878    1.7429    2.5191    3.6446
    0.6986    0.5906    1.7337    2.5180    3.6436
    0.7055    0.5934    1.7244    2.5170    3.6426
    0.7123    0.5963    1.7150    2.5160    3.6417
    0.7192    0.5991    1.7055    2.5151    3.6407
    0.7260    0.6020    1.6960    2.5142    3.6398
    0.7329    0.6049    1.6863    2.5134    3.6388
    0.7397    0.6077    1.6766    2.5126    3.6379
    0.7466    0.6106    1.6669    2.5119    3.6370
    0.7534    0.6135    1.6571    2.5112    3.6361
    0.7603    0.6164    1.6472    2.5106    3.6352
    0.7671    0.6193    1.6374    2.5101    3.6343
    0.7740    0.6221    1.6275    2.5097    3.6335
    0.7808    0.6250    1.6176    2.5093    3.6326
    0.7877    0.6278    1.6077    2.5091    3.6318
    0.7945    0.6306    1.5978    2.5089    3.6310
    0.8014    0.6334    1.5879    2.5089    3.6302
    0.8082    0.6361    1.5781    2.5089    3.6294
    0.8151    0.6388    1.5682    2.5090    3.6287
    0.8219    0.6415    1.5584    2.5093    3.6280
    0.8288    0.6441    1.5486    2.5096    3.6272
    0.8356    0.6466    1.5389    2.5101    3.6265
    0.8425    0.6492    1.5292    2.5106    3.6259
    0.8493    0.6516    1.5196    2.5113    3.6252
    0.8562    0.6540    1.5100    2.5122    3.6246
    0.8630    0.6564    1.5005    2.5131    3.6240
    0.8699    0.6587    1.4910    2.5142    3.6234
    0.8767    0.6609    1.4817    2.5154    3.6228
    0.8836    0.6630    1.4724    2.5168    3.6222
    0.8904    0.6651    1.4632    2.5183    3.6217
    0.8973    0.6671    1.4540    2.5199    3.6212
    0.9041    0.6691    1.4450    2.5216    3.6207
    0.9110    0.6710    1.4360    2.5235    3.6202
    0.9178    0.6727    1.4271    2.5256    3.6198
    0.9247    0.6745    1.4184    2.5277    3.6193
    0.9315    0.6761    1.4097    2.5300    3.6189
    0.9384    0.6777    1.4012    2.5325    3.6185
    0.9452    0.6792    1.3927    2.5350    3.6181
    0.9521    0.6806    1.3843    2.5377    3.6177
    0.9589    0.6819    1.3761    2.5405    3.6174
    0.9658    0.6832    1.3680    2.5435    3.6170
    0.9726    0.6844    1.3599    2.5465    3.6167
    0.9795    0.6855    1.3520    2.5497    3.6164
    0.9863    0.6865    1.3443    2.5530    3.6161
    0.9932    0.6874    1.3366    2.5564    3.6159
    1.0000    0.6883    1.3291    2.5599    3.6156
    1.0068    0.6892    1.3216    2.5635    3.6154
    1.0137    0.6899    1.3143    2.5672    3.6152
    1.0205    0.6906    1.3072    2.5709    3.6149
    1.0274    0.6912    1.3002    2.5748    3.6147
    1.0342    0.6918    1.2933    2.5787    3.6146
    1.0411    0.6923    1.2865    2.5826    3.6144
    1.0479    0.6927    1.2799    2.5867    3.6142
    1.0548    0.6931    1.2734    2.5907    3.6141
    1.0616    0.6935    1.2670    2.5948    3.6139
    1.0685    0.6938    1.2608    2.5989    3.6138
    1.0753    0.6940    1.2548    2.6031    3.6137
    1.0822    0.6942    1.2489    2.6072    3.6136
    1.0890    0.6944    1.2431    2.6114    3.6134
    1.0959    0.6945    1.2375    2.6155    3.6134
    1.1027    0.6946    1.2320    2.6196    3.6133
    1.1096    0.6947    1.2267    2.6237    3.6132
    1.1164    0.6947    1.2215    2.6277    3.6131
    1.1233    0.6947    1.2165    2.6318    3.6130
    1.1301    0.6947    1.2117    2.6357    3.6130
    1.1370    0.6946    1.2070    2.6396    3.6129
    1.1438    0.6946    1.2025    2.6434    3.6129
    1.1507    0.6945    1.1982    2.6472    3.6128
    1.1575    0.6944    1.1940    2.6508    3.6128
    1.1644    0.6943    1.1899    2.6544    3.6128
    1.1712    0.6942    1.1861    2.6579    3.6127
    1.1781    0.6941    1.1824    2.6612    3.6127
    1.1849    0.6939    1.1788    2.6645    3.6127
    1.1918    0.6938    1.1755    2.6676    3.6126
    1.1986    0.6936    1.1723    2.6707    3.6126
    1.2055    0.6935    1.1692    2.6735    3.6126
    1.2123    0.6933    1.1663    2.6763    3.6126
    1.2192    0.6932    1.1636    2.6789    3.6126
    1.2260    0.6930    1.1611    2.6814    3.6126
    1.2329    0.6929    1.1587    2.6838    3.6126
    1.2397    0.6928    1.1564    2.6860    3.6126
    1.2466    0.6926    1.1543    2.6881    3.6126
    1.2534    0.6925    1.1524    2.6901    3.6126
    1.2603    0.6924    1.1506    2.6918    3.6125
    1.2671    0.6923    1.1490    2.6935    3.6125
    1.2740    0.6922    1.1475    2.6951    3.6125
    1.2808    0.6921    1.1461    2.6964    3.6125
    1.2877    0.6920    1.1449    2.6977    3.6125
    1.2945    0.6919    1.1438    2.6989    3.6125
    1.3014    0.6918    1.1428    2.6999    3.6125
    1.3082    0.6918    1.1419    2.7008    3.6125
    1.3151    0.6917    1.1412    2.7015    3.6125
    1.3219    0.6917    1.1405    2.7022    3.6125
    1.3288    0.6916    1.1400    2.7028    3.6125
    1.3356    0.6916    1.1395    2.7032    3.6125
    1.3425    0.6916    1.1392    2.7036    3.6125
    1.3493    0.6916    1.1389    2.7039    3.6125
    1.3562    0.6916    1.1387    2.7042    3.6125
    1.3630    0.6915    1.1385    2.7043    3.6125
    1.3699    0.6915    1.1384    2.7044    3.6125
    1.3767    0.6915    1.1383    2.7045    3.6125
    1.3836    0.6915    1.1383    2.7045    3.6125
    1.3904    0.6915    1.1383    2.7046    3.6125
    1.3973    0.6915    1.1383    2.7046    3.6125
    1.4041    0.6915    1.1383    2.7046    3.6125
    1.4110    0.6915    1.1383    2.7046    3.6125
    1.4178    0.6915    1.1383    2.7046    3.6125
    1.4247    0.6915    1.1383    2.7046    3.6125
    1.4315    0.6915    1.1383    2.7046    3.6125
    1.4384    0.6915    1.1383    2.7046    3.6125
    1.4452    0.6915    1.1383    2.7046    3.6125
    1.4521    0.6915    1.1383    2.7046    3.6125
    1.4589    0.6915    1.1383    2.7046    3.6125
    1.4658    0.6915    1.1383    2.7046    3.6125
    1.4726    0.6915    1.1383    2.7046    3.6125
    1.4795    0.6915    1.1383    2.7046    3.6125
    1.4863    0.6915    1.1383    2.7046    3.6125
    1.4932    0.6915    1.1383    2.7046    3.6125
    1.5000    0.6915    1.1383    2.7046    3.6125
    1.5068    0.6915    1.1383    2.7046    3.6125
    1.5137    0.6915    1.1383    2.7046    3.6125
    1.5205    0.6915    1.1383    2.7046    3.6125
    1.5274    0.6915    1.1383    2.7046    3.6125
    1.5342    0.6915    1.1383    2.7046    3.6125
    1.5411    0.6915    1.1383    2.7046    3.6125
    1.5479    0.6915    1.1383    2.7046    3.6125
    1.5548    0.6915    1.1383    2.7046    3.6125
    1.5616    0.6915    1.1383    2.7046    3.6125
    1.5685    0.6915    1.1383    2.7046    3.6125
    1.5753    0.6915    1.1383    2.7046    3.6125
    1.5822    0.6915    1.1383    2.7046    3.6125
    1.5890    0.6915    1.1383    2.7046    3.6125
    1.5959    0.6915    1.1383    2.7046    3.6125
    1.6027    0.6915    1.1383    2.7046    3.6125
    1.6096    0.6915    1.1383    2.7046    3.6125
    1.6164    0.6915    1.1383    2.7046    3.6125
    1.6233    0.6915    1.1383    2.7046    3.6125
    1.6301    0.6915    1.1383    2.7046    3.6125
    1.6370    0.6915    1.1383    2.7046    3.6125
    1.6438    0.6915    1.1383    2.7046    3.6125
    1.6507    0.6915    1.1383    2.7046    3.6125
    1.6575    0.6915    1.1383    2.7046    3.6125
    1.6644    0.6915    1.1383    2.7046    3.6125
    1.6712    0.6915    1.1383    2.7046    3.6125
    1.6781    0.6915    1.1383    2.7046    3.6125
    1.6849    0.6915    1.1383    2.7046    3.6125
    1.6918    0.6915    1.1383    2.7046    3.6125
    1.6986    0.6915    1.1383    2.7046    3.6125
    1.7055    0.6915    1.1383    2.7046    3.6125
    1.7123    0.6915    1.1383    2.7046    3.6125
    1.7192    0.6915    1.1383    2.7046    3.6125
    1.7260    0.6915    1.1383    2.7046    3.6125
    1.7329    0.6915    1.1383    2.7046    3.6125
    1.7397    0.6915    1.1383    2.7046    3.6125
    1.7466    0.6915    1.1383    2.7046    3.6125